1 \n 1
2 ! 1
3 " 1
4 # 1
5 $ 1
6 % 1
7 & 1
8 ' 1
9 ( 1
10 ) 1
11 * 1
12 + 1
13 , 1
14 - 1
15 . 1
16 / 1
17 0 1
18 1 1
19 2 1
20 3 1
21 4 1
22 5 1
23 6 1
24 7 1
25 8 1
26 9 1
27 : 1
28 ; 1
29 < 1
30 = 1
31 > 1
32 ? 1
33 @ 1
34 A 1
35 B 1
36 C 1
37 D 1
38 E 1
39 F 1
40 G 1
41 H 1
42 I 1
43 J 1
44 K 1
45 L 1
46 M 1
47 N 1
48 O 1
49 P 1
50 Q 1
51 R 1
52 S 1
53 T 1
54 U 1
55 V 1
56 W 1
57 X 1
58 Y 1
59 Z 1
60 [ 1
61 \ 1
62 ] 1
63 ^ 1
64 _ 1
65 ` 1
66 a 1
67 b 1
68 c 1
69 d 1
70 e 1
71 f 1
72 g 1
73 h 1
74 i 1
75 j 1
76 k 1
77 l 1
78 m 1
79 n 1
80 o 1
81 p 1
82 q 1
83 r 1
84 s 1
85 t 1
86 u 1
87 v 1
88 w 1
89 x 1
90 y 1
91 z 1
92 { 1
93 | 1
94 } 1
95 ~ 1
4560
